1.8412e+03
1.8532e+03
2.0898e+03
2.0570e+03
1.8483e+03
1.8021e+03
2.1148e+03
8.3931e+02
2.1580e+03
8.7531e+02
9.5428e+02
1.9133e+03
2.1047e+03
1.7944e+03
1.8273e+03
1.9052e+03
8.7673e+02
1.7122e+03
1.7281e+03
1.8668e+03
1.8042e+03
2.1651e+03
2.1091e+03
1.9732e+03
7.8930e+02
1.0422e+03
1.9577e+03
2.1837e+03
8.5230e+02
1.0458e+03
8.1423e+02
1.8073e+03
7.9024e+02
8.4331e+02
2.1121e+03
2.0368e+03
1.8884e+03
2.1418e+03
1.7583e+03
2.1868e+03
2.0848e+03
1.9093e+03
8.5830e+02
1.9951e+03
1.7432e+03
2.0558e+03
1.2208e+03
2.1997e+03
2.1180e+03
8.3724e+02
2.0773e+03
1.7112e+03
1.6963e+03
1.8134e+03
2.1060e+03
1.9130e+03
2.1761e+03
8.3524e+02
2.0289e+03
8.8331e+02
2.0887e+03
1.0112e+03
7.9831e+02
9.6819e+02
1.2532e+03
1.9623e+03
1.7743e+03
1.7161e+03
9.7424e+02
2.1265e+03
2.0944e+03
1.2123e+03
2.1270e+03
2.0949e+03
1.9410e+03
1.7772e+03
2.0937e+03
1.9042e+03
2.0696e+03
2.1018e+03
1.8968e+03
9.5669e+02
2.0486e+03
1.0613e+03
8.5719e+02
1.2653e+03
2.0527e+03
2.0960e+03
1.7943e+03
2.1287e+03
2.1021e+03
2.0258e+03
1.9903e+03
1.8950e+03
1.9521e+03
1.9651e+03
1.6072e+03
2.0868e+03
1.9533e+03
2.0243e+03
