1.4642e+03
1.9638e+03
8.9224e+02
8.1026e+02
1.5182e+03
1.5703e+03
1.9811e+03
1.8623e+03
1.9798e+03
1.6672e+03
1.0352e+03
1.0822e+03
1.8013e+03
2.1147e+03
8.5331e+02
2.0976e+03
2.0676e+03
1.9740e+03
1.5242e+03
1.5472e+03
2.1500e+03
8.1923e+02
1.6763e+03
9.4781e+02
8.2424e+02
8.5524e+02
1.8673e+03
2.0028e+03
1.9043e+03
8.3024e+02
1.8572e+03
1.7423e+03
2.1381e+03
8.5431e+02
1.7663e+03
8.4526e+02
1.2018e+03
2.1140e+03
1.8552e+03
1.8228e+03
1.8261e+03
2.0987e+03
1.9647e+03
1.7063e+03
2.0124e+03
1.7066e+03
1.9684e+03
8.3319e+02
2.1451e+03
2.0268e+03
8.4824e+02
1.8903e+03
1.5772e+03
1.7162e+03
2.0688e+03
2.1241e+03
1.7892e+03
8.5278e+02
1.0073e+03
1.8572e+03
2.0738e+03
1.7428e+03
1.9682e+03
8.1730e+02
1.7822e+03
2.1548e+03
1.2468e+03
1.9808e+03
1.8508e+03
8.5419e+02
8.8181e+02
1.7243e+03
8.3531e+02
1.6536e+03
1.7542e+03
2.0097e+03
2.0572e+03
1.2593e+03
1.0402e+03
8.3528e+02
1.9777e+03
2.1031e+03
1.5962e+03
1.7582e+03
2.1469e+03
1.7543e+03
2.1625e+03
1.8323e+03
1.9600e+03
1.6583e+03
1.7643e+03
2.0948e+03
8.7819e+02
2.1179e+03
1.8372e+03
2.1740e+03
1.7622e+03
8.3130e+02
1.8693e+03
1.9041e+03
