1.5563e+03
1.8243e+03
2.0571e+03
2.0279e+03
1.7763e+03
1.9212e+03
1.7482e+03
1.7983e+03
2.1890e+03
1.9773e+03
2.1447e+03
2.0151e+03
1.7852e+03
1.1463e+03
1.6333e+03
1.9331e+03
1.7813e+03
1.7582e+03
2.1271e+03
1.6615e+03
2.0561e+03
2.0830e+03
1.9981e+03
1.7832e+03
1.2643e+03
1.9640e+03
2.0698e+03
1.7022e+03
1.5893e+03
1.7918e+03
2.0431e+03
2.0260e+03
2.1026e+03
1.2937e+03
1.8133e+03
1.7304e+03
2.1011e+03
2.1388e+03
2.1109e+03
2.0801e+03
2.1576e+03
1.2442e+03
2.0868e+03
2.1111e+03
2.1501e+03
1.6253e+03
2.0788e+03
1.8761e+03
9.8428e+02
1.0342e+03
1.8081e+03
2.0938e+03
1.4093e+03
2.0531e+03
1.9413e+03
1.6410e+03
1.8214e+03
2.0758e+03
1.0432e+03
2.0123e+03
1.9510e+03
2.1237e+03
1.7832e+03
2.0410e+03
2.0623e+03
2.1365e+03
2.1590e+03
2.1851e+03
1.1113e+03
2.0798e+03
1.6933e+03
1.6463e+03
1.4453e+03
1.7723e+03
2.0491e+03
2.1479e+03
2.1011e+03
1.7723e+03
1.1783e+03
1.9212e+03
1.4993e+03
1.7812e+03
2.0848e+03
2.1243e+03
2.0700e+03
1.2643e+03
2.0991e+03
1.9111e+03
1.8963e+03
2.0903e+03
2.2048e+03
1.2522e+03
2.1374e+03
2.0982e+03
2.1300e+03
1.8032e+03
1.8062e+03
1.8973e+03
9.8628e+02
1.9822e+03
1.9421e+03
2.1811e+03
1.4442e+03
2.1231e+03
2.1087e+03
2.0387e+03
2.1250e+03
2.1263e+03
2.0200e+03
1.2493e+03
1.7250e+03
1.2453e+03
1.7654e+03
2.0033e+03
1.8352e+03
2.1948e+03
1.7332e+03
1.7912e+03
2.1258e+03
2.0681e+03
2.1591e+03
2.1517e+03
2.0562e+03
1.8472e+03
1.6941e+03
2.1831e+03
1.6113e+03
2.1041e+03
1.7223e+03
1.6843e+03
1.7402e+03
2.1641e+03
2.1209e+03
1.7102e+03
2.0488e+03
2.0131e+03
1.8483e+03
2.0361e+03
2.1358e+03
1.8402e+03
2.0285e+03
2.0651e+03
1.4772e+03
1.8712e+03
1.6073e+03
1.7132e+03
1.6732e+03
1.7992e+03
2.0701e+03
2.1710e+03
2.0251e+03
1.6483e+03
1.7282e+03
1.8723e+03
1.9001e+03
1.1982e+03
1.8510e+03
2.0300e+03
2.0831e+03
1.7072e+03
2.0917e+03
2.0897e+03
1.7243e+03
1.4912e+03
1.5242e+03
2.0637e+03
1.6323e+03
2.0142e+03
1.7895e+03
1.7702e+03
2.0820e+03
1.6792e+03
2.0971e+03
2.0173e+03
2.0571e+03
1.3423e+03
2.0875e+03
2.1550e+03
1.5582e+03
2.1316e+03
1.8011e+03
1.7222e+03
1.8383e+03
1.4202e+03
1.5163e+03
1.8162e+03
2.0690e+03
2.0522e+03
2.1271e+03
2.0166e+03
1.8473e+03
1.8533e+03
2.1449e+03
1.4623e+03
2.0288e+03
1.4982e+03
2.1241e+03
1.7202e+03
1.9470e+03
1.8163e+03
1.1292e+03
9.4930e+02
1.9075e+03
1.9030e+03
2.1248e+03
1.2643e+03
2.1202e+03
2.1401e+03
2.1290e+03
1.7802e+03
1.6123e+03
2.0877e+03
2.1320e+03
1.9728e+03
1.6454e+03
1.5388e+03
1.8911e+03
1.5653e+03
2.0102e+03
2.0771e+03
1.5862e+03
2.1078e+03
2.1498e+03
2.0341e+03
2.1405e+03
1.8883e+03
2.0480e+03
2.0240e+03
1.6993e+03
1.4173e+03
2.1511e+03
1.7763e+03
1.6773e+03
2.0840e+03
1.6372e+03
1.7558e+03
1.8552e+03
2.1860e+03
2.1040e+03
1.7592e+03
1.3112e+03
2.0897e+03
1.8020e+03
1.8431e+03
2.0227e+03
1.7552e+03
2.0657e+03
2.0720e+03
2.1090e+03
1.7137e+03
1.9383e+03
2.1497e+03
1.4983e+03
2.0937e+03
2.0991e+03
1.7662e+03
2.0641e+03
2.1221e+03
2.0659e+03
1.9632e+03
2.1138e+03
1.7350e+03
2.0830e+03
2.0081e+03
2.1369e+03
2.0151e+03
1.7652e+03
2.0818e+03
2.0669e+03
2.0801e+03
1.8681e+03
2.0991e+03
2.1332e+03
2.0460e+03
2.1736e+03
1.7982e+03
2.1431e+03
2.1091e+03
1.8072e+03
1.9500e+03
2.1317e+03
1.6182e+03
1.7512e+03
1.6012e+03
2.1920e+03
2.0355e+03
1.5853e+03
2.1098e+03
2.1280e+03
1.6602e+03
2.0757e+03
1.5992e+03
1.9731e+03
2.0552e+03
1.8573e+03
2.1311e+03
1.9353e+03
1.8173e+03
2.0671e+03
1.9071e+03
1.7433e+03
1.7022e+03
1.9379e+03
2.0680e+03
2.1677e+03
2.0532e+03
1.8642e+03
2.1158e+03
1.9543e+03
2.0770e+03
1.9681e+03
1.7883e+03
1.7143e+03
8.8928e+02
1.9751e+03
1.9998e+03
2.1271e+03
1.6864e+03
2.0911e+03
2.0221e+03
2.0202e+03
2.0708e+03
1.8012e+03
2.1602e+03
1.7902e+03
1.8790e+03
1.8220e+03
2.0603e+03
1.6742e+03
2.1660e+03
1.6003e+03
1.9313e+03
1.6373e+03
2.1594e+03
1.7935e+03
2.1728e+03
1.1043e+03
2.1891e+03
1.8573e+03
1.8803e+03
2.1518e+03
2.1690e+03
1.8063e+03
2.1880e+03
2.0851e+03
1.7512e+03
2.1634e+03
1.5983e+03
1.0868e+03
1.8963e+03
1.8980e+03
8.5269e+02
2.1070e+03
2.0808e+03
2.0300e+03
1.9869e+03
1.5272e+03
2.0532e+03
2.1760e+03
2.0703e+03
2.0322e+03
1.7482e+03
2.1367e+03
1.7428e+03
2.0172e+03
2.0658e+03
1.7373e+03
1.8132e+03
2.0925e+03
2.1360e+03
1.1273e+03
1.3732e+03
1.6072e+03
1.5873e+03
2.1072e+03
1.7122e+03
2.0271e+03
1.7871e+03
2.0940e+03
1.9448e+03
1.3293e+03
2.0961e+03
1.5042e+03
1.8403e+03
1.2873e+03
2.1195e+03
2.1338e+03
1.8192e+03
2.0701e+03
1.5613e+03
1.5083e+03
1.7143e+03
1.6343e+03
1.8060e+03
1.4663e+03
2.0750e+03
1.7321e+03
1.4693e+03
2.0150e+03
1.8343e+03
1.9293e+03
2.1512e+03
2.0370e+03
2.0938e+03
2.0690e+03
2.1195e+03
2.1010e+03
2.0682e+03
1.8752e+03
2.1382e+03
2.1328e+03
1.9342e+03
1.9861e+03
2.1417e+03
1.7313e+03
1.7013e+03
2.1767e+03
2.0021e+03
2.0383e+03
1.0662e+03
2.1289e+03
2.1720e+03
1.9161e+03
2.1071e+03
2.0706e+03
2.0631e+03
1.7262e+03
2.0140e+03
9.2231e+02
1.8402e+03
1.9853e+03
1.7572e+03
2.0581e+03
2.1046e+03
1.4783e+03
2.1302e+03
2.0600e+03
1.9332e+03
1.9613e+03
1.4773e+03
2.0922e+03
1.7242e+03
2.0278e+03
2.1491e+03
2.0739e+03
2.1091e+03
1.4072e+03
2.0210e+03
1.8138e+03
1.3613e+03
1.9182e+03
1.7282e+03
2.1393e+03
1.1293e+03
1.6932e+03
1.5442e+03
2.0647e+03
2.0800e+03
1.6891e+03
1.6222e+03
1.8193e+03
1.0253e+03
1.7193e+03
1.6183e+03
2.0000e+03
1.4673e+03
2.1560e+03
1.6484e+03
1.8452e+03
1.6883e+03
1.8841e+03
1.4623e+03
2.1369e+03
1.9140e+03
2.1478e+03
8.7123e+02
2.0521e+03
2.0961e+03
1.0632e+03
2.2340e+03
1.1613e+03
1.9031e+03
2.1567e+03
2.1630e+03
2.0861e+03
2.1248e+03
1.7174e+03
2.0329e+03
1.4033e+03
1.6363e+03
2.0172e+03
2.1312e+03
2.2008e+03
1.7493e+03
1.6083e+03
2.0180e+03
1.9383e+03
2.1308e+03
1.7292e+03
2.0931e+03
