1.3703e+03
2.1690e+03
2.1142e+03
1.7363e+03
2.1672e+03
8.2524e+02
1.2523e+03
1.6453e+03
2.1719e+03
2.0875e+03
1.8762e+03
1.4673e+03
1.8212e+03
2.0916e+03
1.8263e+03
2.1141e+03
2.0935e+03
1.6602e+03
1.9843e+03
1.7232e+03
1.9460e+03
1.6842e+03
2.0887e+03
1.7602e+03
2.1367e+03
1.9938e+03
1.9193e+03
2.0773e+03
1.9574e+03
1.8963e+03
2.0331e+03
2.1174e+03
1.2352e+03
2.0829e+03
1.7133e+03
1.8502e+03
2.0852e+03
1.8198e+03
1.6842e+03
1.7621e+03
1.9883e+03
2.0425e+03
1.9140e+03
8.3619e+02
2.0149e+03
1.8318e+03
2.0507e+03
2.0651e+03
1.7093e+03
1.9512e+03
2.1522e+03
1.9748e+03
2.0820e+03
1.8962e+03
1.6552e+03
1.6532e+03
2.1589e+03
2.1899e+03
1.6362e+03
1.7043e+03
2.0392e+03
1.7552e+03
2.1163e+03
1.8512e+03
2.1826e+03
2.1277e+03
2.0851e+03
2.0271e+03
1.7543e+03
2.0815e+03
1.7054e+03
1.9938e+03
1.8863e+03
1.6073e+03
1.3213e+03
1.9043e+03
2.0768e+03
2.1171e+03
1.7712e+03
1.7098e+03
2.0502e+03
2.1690e+03
2.1535e+03
2.1339e+03
1.3142e+03
2.1538e+03
1.8223e+03
8.5574e+02
1.7492e+03
2.0726e+03
1.8253e+03
2.2228e+03
1.7573e+03
2.1055e+03
2.0802e+03
2.1215e+03
2.0480e+03
2.1108e+03
2.0991e+03
1.9667e+03
