2.1231e+03
1.7323e+03
2.1457e+03
1.8480e+03
2.0762e+03
2.1468e+03
1.8148e+03
1.5683e+03
2.1967e+03
1.9082e+03
1.7782e+03
2.0151e+03
1.7722e+03
1.7397e+03
1.8182e+03
8.7069e+02
1.7393e+03
2.0902e+03
1.7211e+03
1.0512e+03
2.1496e+03
1.6882e+03
1.3903e+03
1.7432e+03
2.0340e+03
2.0071e+03
2.0938e+03
2.1481e+03
2.0951e+03
1.6002e+03
1.9957e+03
2.1088e+03
2.1308e+03
1.2922e+03
1.7790e+03
2.1427e+03
1.7803e+03
2.1171e+03
1.6207e+03
1.7262e+03
1.5782e+03
1.6333e+03
1.0212e+03
1.7220e+03
2.0551e+03
1.9102e+03
1.7153e+03
1.7135e+03
1.8362e+03
1.5992e+03
1.3692e+03
1.7527e+03
1.7922e+03
8.1919e+02
1.8083e+03
1.9487e+03
1.5672e+03
2.0587e+03
8.5728e+02
9.7128e+02
8.6928e+02
2.0548e+03
1.7230e+03
2.1047e+03
2.1121e+03
1.9852e+03
1.6053e+03
1.2192e+03
1.9508e+03
1.7403e+03
2.0902e+03
1.4163e+03
8.3578e+02
1.8153e+03
1.9421e+03
1.5993e+03
2.0524e+03
2.0710e+03
2.0982e+03
2.0821e+03
1.8081e+03
2.1280e+03
1.7141e+03
1.4933e+03
1.7834e+03
2.0561e+03
1.9810e+03
9.6830e+02
2.1038e+03
1.8004e+03
1.7440e+03
1.3473e+03
1.6537e+03
2.0768e+03
1.0343e+03
1.5322e+03
1.7612e+03
2.1231e+03
1.7162e+03
2.0948e+03
