1.5872e+03
2.1639e+03
1.7442e+03
2.0975e+03
2.1030e+03
1.4692e+03
2.0281e+03
2.0995e+03
9.2030e+02
1.6097e+03
8.9630e+02
1.1043e+03
2.1028e+03
1.3403e+03
8.0719e+02
8.0628e+02
1.5013e+03
1.5043e+03
1.7212e+03
8.7915e+02
2.0791e+03
1.7911e+03
1.7452e+03
1.8152e+03
2.1121e+03
1.6213e+03
2.0438e+03
1.5912e+03
2.1166e+03
9.2131e+02
1.7380e+03
2.1601e+03
1.7352e+03
1.7623e+03
9.6523e+02
2.1891e+03
2.1660e+03
8.2231e+02
8.7428e+02
1.7802e+03
1.5863e+03
2.0581e+03
1.2628e+03
1.6243e+03
1.8304e+03
1.5243e+03
2.0788e+03
2.0849e+03
9.1730e+02
1.3812e+03
2.1743e+03
2.0621e+03
8.5919e+02
2.1346e+03
2.1396e+03
2.0917e+03
2.1383e+03
1.7462e+03
2.1161e+03
8.4524e+02
1.5622e+03
2.1542e+03
2.0310e+03
1.6578e+03
2.1180e+03
8.5980e+02
1.8862e+03
2.1358e+03
2.1396e+03
2.0240e+03
1.0462e+03
2.0898e+03
2.0641e+03
2.1190e+03
7.9830e+02
9.1628e+02
8.2928e+02
2.0740e+03
1.7503e+03
1.2033e+03
1.7047e+03
7.9128e+02
1.1243e+03
2.1225e+03
1.6473e+03
8.7928e+02
2.1431e+03
2.1727e+03
9.3274e+02
1.5802e+03
8.0723e+02
1.1363e+03
2.0597e+03
2.0768e+03
1.0243e+03
1.8546e+03
1.1152e+03
1.7623e+03
9.7523e+02
1.7443e+03
