-28
85
-184
42
-6
-188
-12
-90
-79
-25
89
-21
-43
68
-28
-56
-38
-157
15
36
-158
102
-86
-81
-38
-69
-64
-1
23
38
47
12
-199
-11
-24
-38
70
-28
-62
55
-37
-166
40
-84
-7
129
67
-185
73
31
33
-31
-100
-88
74
-30
-25
98
-70
37
-37
-73
-50
34
29
-38
102
-54
-64
27
-96
-43
3
6
-179
-23
60
-1
-14
-10
-174
-42
-25
-178
-46
75
-82
77
-40
-83
-5
78
-165
-16
-99
-54
-52
41
-194
99
42
23
22
-63
21
-53
-13
-179
62
-53
6
-46
65
35
75
-82
-188
52
-83
-3
64
-42
55
64
13
32
119
-93
-41
38
46
22
-29
57
-46
21
41
-75
10
-10
2
54
-57
-8
60
60
-61
80
-14
-48
92
-86
12
53
-41
-194
65
2
-53
130
-60
-2
36
37
-55
17
6
-159
69
65
-200
-3
-42
-99
131
1
-2
107
27
27
131
100
1
-14
-31
-88
65
-17
-53
-54
-82
-12
-36
-48
-173
4
-2
19
62
0
51
122
-20
-183
-7
-23
-32
59
63
-14
-16
-59
-96
92
31
-190
139
46
-23
-1
82
42
-14
66
19
87
-50
-34
-40
20
-100
-54
51
-39
-43
-16
-77
-36
98
50
31
-10
-157
-30
-37
-39
59
-84
39
105
-50
-185
61
-45
11
-45
66
-11
-14
85
28
118
-40
-11
-24
-72
-23
50
-74
-16
70
98
-95
104
21
-50
70
53
-161
-38
63
-185
124
36
-188
90
45
-4
37
-34
-39
-32
-58
-57
30
90
-194
-11
-82
-182
