-16
-74
-181
-164
-35
-211
-44
-198
-12
-158
-61
-224
-145
-3
-201
-22
23
-55
-119
-26
-228
-190
49
-176
9
50
-97
-28
-27
-233
20
-5
-235
-5
-27
-23
-131
-68
-232
-6
-58
-72
44
-38
-2
40
-29
-228
-36
32
-201
-18
49
-225
-38
2
-252
29
-59
-173
-186
0
-26
-48
-26
-180
-56
39
-32
-48
20
-238
-166
-177
-176
-34
20
-208
-136
-200
-1
-53
-97
-45
-198
9
-228
16
-177
-35
-56
16
-187
-137
-8
-184
-51
37
-218
-41
-80
-220
11
19
-159
-163
-30
-71
-122
-191
-173
36
-84
-43
37
-77
-62
-39
-51
-217
-36
-99
-195
-173
45
-190
1
-42
-247
-21
5
-237
-59
-23
-163
-16
-192
-47
-182
-172
-241
-137
-17
-233
11
45
-91
-26
11
-7
-157
-82
-211
-156
11
-25
46
-11
-240
-129
-192
-77
-146
8
-221
-117
-172
-158
-195
21
-23
-29
-35
-40
-175
20
-7
30
-42
-186
-1
-66
-93
-126
-191
-64
-143
-21
-166
-33
-198
-162
-174
-191
-62
46
-46
-78
-138
30
-8
-180
-37
-201
-162
-194
-189
-140
-9
-84
3
39
-162
-158
32
-217
-151
25
-69
-121
-79
-205
52
-167
-163
24
-30
-213
47
36
-247
-151
-60
-7
-27
-51
-87
-2
-34
-82
-43
-53
-214
49
-189
-82
0
-178
-69
-179
-182
-217
-43
3
-23
35
-12
-21
-200
-97
-31
-131
-182
-59
28
-52
-31
-10
-41
-245
42
-89
-172
-4
30
-61
-131
8
-76
-191
-162
-232
17
-19
-205
-58
-84
-28
2
-64
-18
-31
-7
-1
11
-49
-59
-30
-169
-210
