140
59
87
-8
5
32
14
98
100
112
-39
-37
-47
21
-46
197
61
-13
132
187
41
108
194
25
-43
49
-72
-40
-30
95
58
-39
67
118
165
86
104
171
21
-17
-13
14
84
-20
23
11
37
67
-5
86
-13
108
173
65
82
9
43
103
47
-38
63
2
98
95
179
0
28
85
13
111
183
-45
-5
25
-53
48
-48
1
59
189
41
3
58
78
120
49
6
72
27
-56
-13
172
11
23
29
-39
129
180
70
9
-5
36
107
-50
-38
63
86
48
18
176
50
101
21
-87
136
17
-88
110
180
-24
56
78
-30
41
-1
97
48
94
93
196
4
7
33
177
-78
113
20
-60
41
98
-60
8
88
99
128
44
0
68
169
71
-19
41
-65
55
79
-98
19
156
-66
73
27
-62
115
90
43
117
162
10
-24
11
-80
-49
-25
93
137
-9
-46
128
99
6
-13
179
86
95
200
-45
14
27
-72
100
188
-83
-49
59
-38
-26
48
-55
-16
33
4
14
205
25
74
24
36
-27
-45
88
110
96
-25
52
32
-43
90
83
54
121
-48
6
131
177
76
76
70
46
40
-27
-100
22
53
-37
107
194
46
119
1
12
-16
188
97
-9
68
-67
-10
40
-75
-16
178
-19
135
21
88
0
12
-28
97
161
-34
199
-27
-81
132
72
-31
-16
-46
85
89
-33
-81
-18
4
-63
99
8
2
-25
27
-55
-39
167
43
-50
7
-16
20
-30
-83
-14
156
-31
6
167
1
64
56
-55
