133
169
-59
120
12
-223
57
100
-180
17
204
-69
121
97
-95
133
251
-197
38
27
-78
216
190
-222
45
159
-72
241
85
-84
227
26
-185
94
194
-212
4
78
-161
140
70
-197
132
208
-4
71
234
-24
202
248
-221
110
20
-13
101
169
-66
118
163
-216
119
244
-100
36
40
-40
26
96
-210
83
18
-21
215
210
-93
230
14
-230
19
23
-245
46
86
0
239
44
-33
234
1
-228
245
51
-15
116
52
-54
232
10
-57
244
225
-100
56
227
-173
75
47
-94
123
69
-240
-3
191
-204
134
212
-173
29
98
-44
74
69
-76
88
55
-98
219
221
-181
78
221
-96
132
198
-69
32
195
-25
211
55
-187
22
230
-183
39
52
-45
219
44
-42
60
9
-18
135
30
-60
133
72
-17
102
185
-9
64
245
-211
118
58
-10
16
69
-80
208
240
-213
86
80
-173
200
202
-5
58
90
-185
198
226
-231
225
255
-25
198
172
-9
210
9
-197
69
251
-13
132
157
-245
127
223
-79
219
68
-171
-7
27
-202
5
43
-44
197
161
-230
41
29
-83
37
15
-84
87
40
-76
113
9
-64
84
159
-225
112
20
-82
82
96
-209
35
193
-210
100
58
-29
202
197
-237
21
157
-214
196
206
-218
207
191
-73
210
95
-248
47
99
-224
26
228
-39
138
7
-48
75
18
-229
65
84
-38
82
99
-11
99
193
-49
95
48
-84
128
37
-99
61
167
-15
138
19
-90
1
84
-252
104
193
-218
76
235
-32
