57
30
-90
-53
199
-33
93
53
89
71
255
-95
33
174
42
49
96
-83
-47
1
-65
-11
41
23
-50
46
83
30
174
-16
71
69
-8
53
227
-82
-9
0
62
-130
166
-81
73
226
-80
-122
206
-56
-127
25
-15
-45
70
49
52
67
-13
10
254
89
-141
72
-59
95
98
-33
-4
57
70
57
243
-78
105
68
39
100
58
92
-17
212
10
-147
40
-92
-33
237
-44
92
160
57
-16
6
4
15
72
-7
-122
182
-48
100
156
-13
1
209
-1
103
220
56
47
163
46
-150
186
6
-34
227
47
-25
53
62
-40
163
2
-136
1
48
-40
198
-98
4
187
67
-44
168
42
15
70
48
-33
31
-37
102
225
60
-131
71
87
-46
170
13
82
218
89
-21
1
-79
12
254
-84
-23
214
-48
-150
22
-55
-118
241
21
-24
195
11
98
8
63
61
173
44
-1
79
-63
-116
226
-28
33
20
-82
-34
93
-63
94
202
-68
-6
207
-3
-142
44
72
51
55
37
-60
167
-41
-15
91
-51
99
50
82
101
205
-76
5
81
68
88
19
79
27
4
84
-24
247
-6
-131
43
-14
-55
50
-39
36
214
-93
62
164
58
76
225
86
-26
47
-49
-142
215
63
4
251
-84
-4
58
-6
-142
187
-96
-9
185
-59
-122
31
25
-7
77
10
-50
66
66
22
252
45
26
65
-46
-137
4
13
93
11
98
-140
220
-71
45
39
-81
-127
73
65
33
182
-63
80
24
69
-36
168
-30
-32
205
57
