109
-1
52
92
83
18
-17
86
19
-17
23
-72
65
-77
70
85
41
-47
70
46
22
43
-68
77
-6
-18
63
42
89
58
-30
-44
-79
-36
55
-35
78
-44
78
137
19
-62
64
-60
97
17
87
27
73
35
-42
47
-13
12
-55
78
24
85
-96
-9
-11
55
21
-25
-8
-67
44
-25
-49
39
-21
96
127
-11
41
33
-50
-38
16
-17
14
87
-34
51
94
-46
-66
92
-67
-34
4
37
-34
26
34
95
-43
-94
-20
125
-96
26
81
71
-16
96
-33
26
-10
46
-12
-60
-98
-12
-39
-14
49
20
40
-27
-36
13
48
131
2
-32
7
-93
-53
-9
52
30
-19
46
-24
98
10
-80
4
-24
17
47
-71
-83
136
-16
45
131
-53
62
59
-66
-3
5
-45
-33
113
-24
44
-9
-72
-16
35
-74
51
81
-31
70
93
-6
-5
-6
-66
-3
137
-92
0
34
100
89
30
-26
62
-54
-2
-21
65
-46
-57
7
24
-59
5
94
56
-56
10
-54
-23
30
16
-27
15
-73
121
31
91
-59
33
-31
97
-73
-23
80
-56
86
102
-99
81
75
46
-10
-9
-46
69
-43
-75
5
16
-79
-36
83
10
-17
126
-74
15
39
39
65
116
-63
-80
82
-16
48
-20
-45
-62
-5
11
-43
-18
-6
70
112
37
99
-7
67
-1
55
17
60
52
12
90
-45
11
-2
-45
-30
-67
119
45
71
5
4
-75
12
12
11
-60
77
51
65
76
15
62
-60
76
60
68
42
139
16
24
55
65
84
29
11
35
-9
-40
-52
102
-69
90
-45
-32
-61
-51
20
47
12
-89
-78
-46
-73
45
-46
70
-11
30
-26
43
124
-23
72
48
-36
19
131
-24
-28
66
14
-71
18
1
78
79
-47
-95
-38
-3
41
72
28
-6
78
11
-84
-13
-76
-75
-11
12
90
-46
-4
57
-40
-10
-51
29
1
20
37
22
-8
90
-27
15
-28
52
35
108
-24
66
-1
-13
-91
72
-35
-12
102
25
16
67
-88
17
-50
-60
-34
-54
-73
-19
94
38
60
17
-54
-73
-4
6
-51
36
69
12
19
-79
55
-43
29
29
70
30
55
31
-54
-60
-23
90
52
116
-83
-19
55
-94
89
113
-82
-42
99
34
-48
107
-90
62
60
-39
-89
-7
-93
41
-38
-3
3
-34
53
3
110
-89
-60
91
-17
-96
87
-45
-63
29
33
-52
119
90
97
74
-39
33
26
10
-58
10
-2
66
81
-4
11
-12
-32
-54
-53
-95
6
100
-65
32
114
-60
17
122
-100
-37
-2
-57
19
99
-31
85
65
11
-83
62
-17
76
88
50
30
-6
20
9
61
90
75
-48
23
92
37
30
6
-53
-36
59
140
-15
-40
-41
-75
97
-39
-73
-38
106
-40
90
-42
-9
-81
57
-5
-98
61
27
-1
75
-25
-19
109
87
72
100
-62
71
55
8
-10
-60
81
12
22
-72
-36
-19
-67
-39
-51
81
57
101
-6
-49
37
28
-46
-23
-8
-93
107
-80
73
-13
-31
55
108
-12
49
13
-5
-5
60
45
88
25
42
-36
32
88
73
128
-54
67
130
-52
95
40
-90
-5
52
7
67
-47
32
-26
138
0
-40
-13
-21
-75
-1
15
-16
-31
52
59
67
21
93
107
18
-66
-36
27
-31
-40
98
79
30
-53
-91
89
-9
-48
105
-74
-45
29
32
1
100
8
75
22
-5
-31
-32
62
96
69
-96
92
-40
-32
-24
-53
-4
-61
-45
69
26
-2
-76
23
49
44
51
3
-28
70
-31
92
-3
91
-49
-43
122
46
50
-48
-22
70
107
51
-40
101
-36
-97
-52
9
-50
99
20
-15
89
-23
-91
71
55
94
-44
44
-54
6
30
-47
35
-60
97
139
-37
-71
3
-93
56
59
-37
-52
63
-36
41
-47
4
-59
82
9
68
15
-22
58
-39
59
-3
-43
49
-42
117
-56
-97
22
12
41
-43
-33
77
106
-14
76
-28
-49
-96
3
85
55
98
56
9
-15
10
23
-44
30
46
-10
-72
49
29
68
44
-32
-81
-56
63
-68
-49
-22
95
47
26
96
95
-9
-75
-82
8
-4
-63
55
-58
-3
29
-41
-80
16
74
8
-24
51
97
44
36
99
-16
81
55
-55
-60
0
-14
0
-85
-34
-61
27
92
72
26
-53
62
61
-53
-71
78
62
22
1
14
-22
48
-22
-53
11
114
-65
-43
101
20
-9
86
-20
97
2
10
15
17
32
14
96
28
-61
-21
-10
-58
-2
54
48
89
44
-29
14
-83
-100
76
-16
-25
19
-9
46
22
-75
-94
55
-65
-85
-43
18
73
59
-35
-68
60
-71
62
8
-34
71
59
-28
54
55
-50
98
90
38
51
29
-81
-57
18
-45
-11
-35
4
-58
21
0
29
48
2
-16
-19
55
90
55
-88
53
16
-46
-87
35
-95
-42
82
-71
-81
78
-53
98
135
84
94
18
27
-25
22
-37
-52
-42
-17
39
53
26
49
-19
-6
42
15
51
-12
10
-72
79
6
-66
-35
103
18
-14
-44
39
15
73
-27
89
95
26
-38
83
-19
-77
11
-32
-54
109
-45
-65
-12
-31
-16
107
16
-23
44
-92
81
104
-6
-3
-21
-99
-17
54
-73
-44
-41
-4
-99
117
19
83
-29
-8
-42
25
93
8
91
80
0
-59
2
-81
-25
13
48
89
93
98
-40
9
-23
-22
-55
82
79
-38
-27
-38
-13
-41
116
-97
18
132
-95
-5
47
73
25
68
61
22
139
-56
72
20
62
68
32
-98
-70
8
82
27
7
-76
3
99
-89
74
1
17
89
-32
-84
91
-30
-96
94
19
96
95
74
-5
84
-49
-89
25
73
-53
-85
15
-65
30
-6
-51
81
84
32
51
45
76
2
-53
-75
35
-21
-12
-80
126
-55
43
139
-67
-86
74
5
65
104
-40
15
-7
17
4
91
-82
-58
31
-36
-24
49
5
10
-9
36
67
42
10
-51
127
-1
25
19
46
48
118
-88
-84
27
27
74
134
42
-29
-48
-95
21
-29
-84
-71
73
-66
-59
-22
9
76
106
56
33
114
10
20
120
-16
-5
65
-73
99
71
9
-8
121
-79
-30
-43
54
-23
90
-36
-3
106
-66
80
-1
-77
28
49
9
-59
46
-79
90
-14
-37
29
2
19
74
10
-75
-8
13
-16
-93
-24
-43
-74
-9
59
-14
16
57
41
35
-67
10
-39
-11
-97
-51
-96
70
52
41
-20
27
10
65
6
15
-26
92
17
10
81
48
74
-24
-34
22
1
90
54
18
52
93
120
88
79
10
-12
-89
-32
-6
-63
26
-60
73
-18
-10
19
-55
-84
40
-20
-47
70
85
32
84
-8
83
-12
135
63
65
70
-10
59
24
24
66
62
-28
100
16
-67
29
-28
-66
10
107
-86
95
-8
21
-30
-29
-53
86
48
43
46
29
-64
0
114
-56
-18
-11
-10
-39
99
-46
97
19
-78
-42
-45
-1
74
-24
-79
52
10
-94
-79
113
-89
39
2
20
46
44
-50
-59
111
65
61
37
-52
87
104
57
8
16
-83
-61
133
69
0
94
-86
4
125
22
-3
-6
-85
98
-10
78
25
80
-51
-35
104
-60
-60
67
-12
55
138
81
4
112
46
-33
93
-37
100
18
-28
29
120
31
-46
-54
21
28
59
-80
-12
101
39
-6
95
-88
57
49
33
-12
104
-61
81
-19
-25
36
60
-4
-95
-15
-88
8
140
13
88
14
39
-53
-55
-28
88
132
-2
46
-48
-9
17
134
-100
-25
47
-9
35
-38
-70
-89
3
-92
46
-54
3
-15
-28
-15
2
79
-68
69
-13
-100
49
122
-15
-41
104
-29
11
-2
85
75
-49
34
83
-58
7
21
88
-17
6
127
-52
-96
-18
52
6
32
13
65
9
-30
-70
98
38
-7
-3
23
-8
